name: base
channels:
  - hicberg
  - bioconda
  - conda-forge
dependencies:
  - _libgcc_mutex=0.1=conda_forge
  - _openmp_mutex=4.5=2_gnu
  - archspec=0.2.3=pyhd8ed1ab_0
  - boltons=24.0.0=pyhd8ed1ab_0
  - brotli-python=1.1.0=py310hc6cd4ac_1
  - bzip2=1.0.8=hd590300_5
  - c-ares=1.28.1=hd590300_0
  - ca-certificates=2024.7.4=hbcca054_0
  - certifi=2024.7.4=pyhd8ed1ab_0
  - cffi=1.16.0=py310h2fee648_0
  - charset-normalizer=3.3.2=pyhd8ed1ab_0
  - colorama=0.4.6=pyhd8ed1ab_0
  - conda=24.3.0=py310hff52083_0
  - conda-libmamba-solver=24.1.0=pyhd8ed1ab_0
  - conda-package-handling=2.2.0=pyh38be061_0
  - conda-package-streaming=0.9.0=pyhd8ed1ab_0
  - distro=1.9.0=pyhd8ed1ab_0
  - fmt=10.2.1=h00ab1b0_0
  - genmap=1.3.0=h87f3376_2
  - icu=73.2=h59595ed_0
  - idna=3.6=pyhd8ed1ab_0
  - jsonpatch=1.33=pyhd8ed1ab_0
  - jsonpointer=2.4=py310hff52083_3
  - keyutils=1.6.1=h166bdaf_0
  - krb5=1.21.2=h659d440_0
  - ld_impl_linux-64=2.40=h41732ed_0
  - libarchive=3.7.2=h2aa1ff5_1
  - libcurl=8.7.1=hca28451_0
  - libedit=3.1.20191231=he28a2e2_2
  - libev=4.33=hd590300_2
  - libffi=3.4.2=h7f98852_5
  - libgcc-ng=13.2.0=h807b86a_5
  - libgomp=13.2.0=h807b86a_5
  - libiconv=1.17=hd590300_2
  - libmamba=1.5.8=had39da4_0
  - libmambapy=1.5.8=py310h39ff949_0
  - libnghttp2=1.58.0=h47da74e_1
  - libnsl=2.0.1=hd590300_0
  - libsolv=0.7.28=hfc55251_2
  - libsqlite=3.45.2=h2797004_0
  - libssh2=1.11.0=h0841786_0
  - libstdcxx-ng=13.2.0=h7e041cc_5
  - libuuid=2.38.1=h0b41bf4_0
  - libxcrypt=4.4.36=hd590300_1
  - libxml2=2.12.6=h232c23b_1
  - libzlib=1.2.13=hd590300_5
  - llvm-openmp=8.0.1=hc9558a2_0
  - lz4-c=1.9.4=hcb278e6_0
  - lzo=2.10=h516909a_1000
  - mamba=1.5.8=py310h51d5547_0
  - menuinst=2.0.2=py310hff52083_0
  - ncurses=6.4.20240210=h59595ed_0
  - openmp=8.0.1=0
  - openssl=3.3.1=h4bc722e_2
  - packaging=24.0=pyhd8ed1ab_0
  - pip=24.0=pyhd8ed1ab_0
  - platformdirs=4.2.0=pyhd8ed1ab_0
  - pluggy=1.4.0=pyhd8ed1ab_0
  - pybind11-abi=4=hd8ed1ab_3
  - pycosat=0.6.6=py310h2372a71_0
  - pycparser=2.22=pyhd8ed1ab_0
  - pysocks=1.7.1=pyha2e5f31_6
  - python=3.10.14=hd12c33a_0_cpython
  - python_abi=3.10=4_cp310
  - readline=8.2=h8228510_1
  - reproc=14.2.4.post0=hd590300_1
  - reproc-cpp=14.2.4.post0=h59595ed_1
  - requests=2.31.0=pyhd8ed1ab_0
  - ruamel.yaml=0.18.6=py310h2372a71_0
  - ruamel.yaml.clib=0.2.8=py310h2372a71_0
  - setuptools=69.5.1=pyhd8ed1ab_0
  - tk=8.6.13=noxft_h4845f30_101
  - tqdm=4.66.2=pyhd8ed1ab_0
  - truststore=0.8.0=pyhd8ed1ab_0
  - tzdata=2024a=h0c530f3_0
  - urllib3=2.2.1=pyhd8ed1ab_0
  - wheel=0.43.0=pyhd8ed1ab_1
  - xz=5.2.6=h166bdaf_0
  - yaml-cpp=0.8.0=h59595ed_0
  - zstandard=0.22.0=py310h1275a96_0
  - zstd=1.5.5=hfc55251_0
prefix: /home/sardine/miniforge3
